basic
0,0.0001 6 adam
2812.5927734375,2941.294921875,
297.6205835342407,232.1245756149292,210.5927791595459,167.46673345565796,
1,1e-05 8 sgd
2013.185546875,2203.96484375,
242.49061584472656,79.88338724772136,120.50830459594727,158.7975591023763,
aspp
0,1e-05 1 adam
309.2097473144531,197.97015380859375,
16.500097464947473,11.913561315763564,12.41056369599842,11.040885627269745,
1,1e-05 1 adam
552.5384521484375,742.6693115234375,
9.79253309681302,9.674209401721047,10.187178892748696,8.669341662100383,
